2138 2179 1
2145 2179 1
2171 2179 1
2146 2179 1
2170 2179 1
2147 2179 1
2169 2179 1
2158 2179 1
2168 2179 1
2149 2179 1
2167 2179 1
2150 2179 1
2166 2179 1
2172 2179 1
2151 2179 1
2152 2179 1
2164 2179 1
2153 2179 1
2163 2179 1
2154 2179 1
2162 2179 1
2155 2179 1
2161 2179 1
2156 2179 1
2160 2179 1
2157 2179 1
2159 2179 1
2165 2179 1
2144 2179 1
2148 2179 1
2176 2179 1
2141 2179 1
2142 2179 1
2140 2179 1
2174 2179 1
2143 2179 1
2178 2179 1
2139 2179 1
2173 2179 1
2175 2179 1
2177 2179 1
2153 2180 2
2152 2180 2
2176 2180 2
2164 2180 2
2140 2180 2
2165 2180 2
2151 2180 2
2154 2180 2
2177 2180 2
2162 2180 2
2139 2180 2
2155 2180 2
2161 2180 2
2156 2180 2
2160 2180 2
2178 2180 2
2157 2180 2
2159 2180 2
2138 2180 2
2163 2180 2
2166 2180 2
2173 2180 2
2150 2180 2
2144 2180 2
2172 2180 2
2143 2180 2
2145 2180 2
2171 2180 2
2146 2180 2
2170 2180 2
2174 2180 2
2147 2180 2
2169 2180 2
2142 2180 2
2158 2180 2
2149 2180 2
2141 2180 2
2168 2180 2
2175 2180 2
2167 2180 2
2148 2180 2
2172 2181 3
2159 2181 3
2175 2181 3
2178 2181 3
2173 2181 3
2160 2181 3
2165 2181 3
2171 2181 3
2168 2181 3
2161 2181 3
2170 2181 3
2176 2181 3
2177 2181 3
2166 2181 3
2174 2181 3
2164 2181 3
2169 2181 3
2163 2181 3
2167 2181 3
2162 2181 3
2158 2181 3
2149 2181 3
2153 2181 3
2144 2181 3
2152 2181 3
2143 2181 3
2154 2181 3
2146 2181 3
2142 2181 3
2155 2181 3
2141 2181 3
2147 2181 3
2151 2181 3
2156 2181 3
2140 2181 3
2148 2181 3
2139 2181 3
2157 2181 3
2150 2181 3
2138 2181 3
2145 2181 3
2145 2182 4
2169 2182 4
2178 2182 4
2146 2182 4
2170 2182 4
2148 2182 4
2147 2182 4
2158 2182 4
2144 2182 4
2172 2182 4
2167 2182 4
2173 2182 4
2142 2182 4
2174 2182 4
2141 2182 4
2175 2182 4
2140 2182 4
2176 2182 4
2139 2182 4
2177 2182 4
2138 2182 4
2171 2182 4
2143 2182 4
2168 2182 4
2164 2182 4
2160 2182 4
2155 2182 4
2156 2182 4
2163 2182 4
2153 2182 4
2151 2182 4
2152 2182 4
2165 2182 4
2157 2182 4
2149 2182 4
2150 2182 4
2166 2182 4
2161 2182 4
2162 2182 4
2154 2182 4
2159 2182 4
2174 2183 5
2141 2183 5
2155 2183 5
2160 2183 5
2149 2183 5
2140 2183 5
2161 2183 5
2156 2183 5
2176 2183 5
2139 2183 5
2159 2183 5
2177 2183 5
2138 2183 5
2157 2183 5
2158 2183 5
2175 2183 5
2154 2183 5
2143 2183 5
2173 2183 5
2166 2183 5
2167 2183 5
2148 2183 5
2150 2183 5
2168 2183 5
2147 2183 5
2165 2183 5
2169 2183 5
2146 2183 5
2142 2183 5
2151 2183 5
2170 2183 5
2145 2183 5
2152 2183 5
2163 2183 5
2171 2183 5
2144 2183 5
2153 2183 5
2172 2183 5
2162 2183 5
2164 2183 5
2178 2183 5
